21
4
2
Inderlok
Kashmere Gate
80
25.15
23
1
40
8
Rithala
10
false
8800793120
334
31
1
20
8
Rohini West
10
false
8800793119
349
46
1
20
8
Rohini East
10
false
8800793118
364
61
1
20
8
Pitam Pura
10
false
8800793117
379
76
1
20
8
Kohat Enclave
10
false
8800793116
394
91
1
20
8
Netaji Subhas Place
10
false
8800793115
409
106
1
20
8
Keshav Puram
10
false
8800793114
424
121
1
20
8
Kanhaiya Nagar
10
false
8800793113
439
136
2
40
20
8
8
Inderlok
10
4
false
8800793112
458
155
1
20
8
Shastri Nagar
10
false
8800793111
480
155
1
20
8
Pratap Nagar
10
false
8800793110
520
155
1
20
8
Pul Bangash
10
false
8800793109
545
155
1
20
8
Tis Hazari
10
false
8800793108
570
155
1
20
8
Shastri Park
10
false
8800793106
648
155
1
20
8
Seelampur
10
false
8800793105
686
155
1
20
8
Welcome
10
false
8800793104
724
155
1
20
8
Shahdara
10
false
8800793103
762
155
1
20
8
Mansarovar Park
10
false
8800793102
800
155
1
20
8
Jhilmil
10
false
8800793101
838
155
1
20
8
Dilshad Garden
10
false
8800793100
876
155