44
3
3
Kirti Nagar
Rajiv Chawk
Yamuna Bank
80
58.68
59
1
20
8
Noida City Centre
10
false
8800793155
1037
433
1
20
8
Golf Course
10
false
8800793156
1002
433
1
20
8
Botanical Garden
10
false
8800793157
972
424
1
20
8
Noida Sector 18
10
false
8800793158
946
408
1
20
8
Noida Sector 16
10
false
8800793159
920
392
1
20
8
Noida Sector 15
10
false
8800793160
894
376
1
20
8
New Ashok Nagar
10
false
8800793161
868
360
1
20
8
Mayur Vihar Extension
10
false
8800793162
842
344
1
20
8
Mayur Vihar I
10
false
8800793163
816
328
1
20
8
Akshardham
10
false
8800793164
790
312
1
40
8
Yamuna Bank
10
false
8800793165
758
305
1
20
8
Indraprastha
10
false
8800793166
712
306
1
20
8
Pragati Maidan
10
false
8800793167
672
306
1
20
8
Mandi House
10
true
8800793168
632
306
1
20
8
Barakhamba Road
10
true
8800793169
612
290
1
20
8
Ramakrishna Ashram Marg
10
false
8800793170
566
244
1
20
8
Jhandewalan
10
false
8800793171
532
236
1
20
8
Karol Bagh
10
false
8800793172
496
236
1
20
8
Rajendra Place
10
false
8800793173
460
236
1
20
8
Patel Nagar
10
false
8800793174
424
236
1
20
8
Shadipur
10
false
8800793175
407
217
2
20
30
8
6
Kirti Nagar
10
4
false
8800793176
390
195
1
20
8
Moti Nagar
10
false
8800793177
358
210
1
20
8
Ramesh Nagar
10
false
8800793178
338
228
1
20
8
Rajouri Garden
10
false
8800793179
318
246
1
20
8
Tagore Garden
10
false
8800793180
298
264
1
20
8
Subhash Nagar
10
false
8800793181
278
282
1
20
8
Tilak Nagar
10
false
8800793182
258
300
1
20
8
Janakpuri East
10
false
8800793183
238
318
1
20
8
Janakpuri West
10
false
8800793184
218
336
1
20
8
Uttam Nagar East
10
false
8800793185
183
355
1
20
8
Uttam Nagar West
10
false
8800793186
163
355
1
20
8
Nawada
10
false
8800793187
143
355
1
20
8
Dwarka Mor
10
false
8800793188
122
366
1
20
8
Dwarka
10
false
8800793189
106
381
1
20
8
Dwarka Sector 14
10
false
8800793190
116
406
1
20
8
Dwarka Sector 13
10
false
8800793191
137
422
1
20
8
Dwarka Sector 12
10
false
8800793192
158
438
1
20
8
Dwarka Sector 11
10
false
8800793193
179
454
1
20
8
Dwarka Sector 10
10
false
8800793194
200
470
1
20
8
Dwarka Sector 9
10
false
8800793195
221
486
1
20
8
Dwarka Sector 8
10
false
8800793196
242
502
1
20
8
Laxmi Nagar
10
false
8800793202
789
276
1
20
8
Nirman Vihar
10
false
8800793201
819
255
1
20
8
Preet Vihar
10
false
8800793200
849
234
1
20
8
Karkarduma
10
false
8800793199
890
215
1
20
8
Anand Vihar ISBT
10
false
8800793198
923
215
1
20
8
Kaushambi
10
false
8800793235
956
215
1
20
8
Vaishali
10
false
8800793236
989
215