34
3
4
Kashmere Gate
New Delhi
Rajiv Chawk
Central Secretariat
80
44.65
45
1
40
8
Jahangirpuri
10
false
8800793121
516
3
1
20
8
Adarsh Nagar
10
false
8800793122
533
21
1
20
8
Azadpur
10
false
8800793123
550
39
1
20
8
Model Town
10
false
8800793124
567
57
1
20
8
GTB Nagar
10
true
8800793125
584
75
1
20
8
Vishwavidyalaya
10
true
8800793126
595
103
1
20
8
Vidhan Sabha
10
true
8800793127
595
119
1
20
8
Civil Lines
10
true
8800793128
595
135
2
30
30
8
8
Kashmere Gate
10
10
true
8800793129
595
154
1
20
8
Chandni Chawk
10
true
8800793130
595
177
1
20
8
Chawri Bazar
10
true
8800793131
595
197
2
30
30
8
8
Rajiv Chawk
10
10
true
8800793133
594
268
1
20
8
Patel Chawk
10
true
8800793134
595
290
2
30
45
8
6
Central Secretariat
10
4
true
8800793135
596
307
1
20
8
Udyog Bhavan
10
true
8800793136
595
324
1
20
8
Race Course
10
true
8800793137
595
348
1
20
8
Jor Bagh
10
true
8800793138
595
372
1
20
8
INA
10
true
8800793139
595
396
1
20
8
AIIMS
10
true
8800793140
595
420
1
20
8
Green Park
10
true
8800793141
595
444
1
20
8
Hauz Khas
10
true
8800793142
595
468
1
20
8
Malviya Nagar
10
true
8800793143
595
492
1
20
8
Saket
10
true
8800793144
595
516
1
20
8
Qutub Minar
10
false
8800793145
595
540
1
20
8
Chhatarpur
10
false
8800793146
577
574
1
20
8
Sultanpur
10
false
8800793147
557
596
1
20
8
Ghitorni
10
false
8800793148
537
618
1
20
8
Arjan Garh
10
false
8800793149
517
640
1
20
8
Guru Dronacharya
10
false
8800793150
470
656
1
20
8
Sikandarpur
10
false
8800793151
446
656
1
20
8
MG Road
10
false
8800793152
422
656
1
20
8
IFFCO Chowk
10
false
8800793153
398
656
1
40
8
HUDA City Centre
10
false
8800793154
382
676